100
2 86 83
4 93 15
2 92 86
4 62 21
4 59 90
3 40 26
4 36 72
2 67 68
3 30 82
4 67 23
3 2 29
4 69 58
4 56 93
2 29 42
1 19 21
1 98 37
2 70 15
1 91 26
3 73 56
2 96 70
1 25 5
2 36 27
2 29 46
4 24 57
3 45 82
1 34 67
4 50 43
3 76 8
4 84 88
4 54 51
1 60 32
1 39 68
3 86 26
3 95 39
4 78 34
3 97 1
1 92 17
1 1 56
2 41 86
4 44 89
4 29 40
4 97 17
2 75 81
1 67 27
3 53 97
4 6 65
1 24 19
2 32 71
3 19 3
4 8 68
1 49 40
2 18 23
2 51 46
1 79 55
2 28 64
1 93 50
1 64 34
1 87 14
4 91 43
1 59 65
2 51 32
4 75 28
3 21 74
2 29 95
3 93 35
4 43 28
1 29 28
4 43 4
3 38 13
3 4 40
2 88 28
1 17 17
3 43 24
4 90 83
1 25 72
4 5 90
2 86 54
1 42 82
4 7 97
4 48 4
4 28 22
1 46 43
4 22 40
2 5 10
3 30 61
1 20 5
3 26 44
1 8 65
1 58 82
1 62 37
1 36 0
3 79 99
2 71 68
3 81 31
1 94 33
2 99 63
4 96 99
1 13 73
3 95 90
1 84 66
0 0 0
