10
2 6 3
4 3 5
2 2 6
4 2 1
4 9 0
3 0 6
4 6 2
2 7 8
3 0 2
4 7 3
3 2 9
4 9 8
4 6 3
2 9 2
1 9 1
1 8 7
2 0 5
1 1 6
3 3 6
2 6 0
1 5 5
2 6 7
2 9 6
4 4 7
3 5 2
1 4 7
4 0 3
3 6 8
4 4 8
4 4 1
1 0 2
1 9 8
3 6 6
3 5 9
4 8 4
3 7 1
1 2 7
1 1 6
2 1 6
4 4 9
4 9 0
4 7 7
2 5 1
1 7 7
3 3 7
4 6 5
1 4 9
2 2 1
3 9 3
4 8 8
1 9 0
2 8 3
2 1 6
1 9 5
2 8 4
1 3 0
1 4 4
1 7 4
4 1 3
1 9 5
2 1 2
4 5 8
3 1 4
2 9 5
3 3 5
4 3 8
1 9 8
4 3 4
3 8 3
3 4 0
2 8 8
1 7 7
3 3 4
4 0 3
1 5 2
4 5 0
2 6 4
1 2 2
4 7 7
4 8 4
4 8 2
1 6 3
4 2 0
2 5 0
3 0 1
1 0 5
3 6 4
1 8 5
1 8 2
1 2 7
1 6 0
3 9 9
2 1 8
3 1 1
1 4 3
2 9 3
4 6 9
1 3 3
3 5 0
1 4 6
0 0 0
