1 
1 2 
1 2 3 
1 2 3 4 
1 2 3 4 11 
1 2 3 4 11 18 
1 2 3 4 11 18 333 
1 2 3 4 11 18 333 444 
1 2 3 4 11 18 333 444 555 
1 2 3 4 11 18 333 555 
1 2 3 4 11 18 444 
1 2 3 4 11 18 444 555 
1 2 3 4 11 18 555 
1 2 3 4 11 333 
1 2 3 4 11 333 444 
1 2 3 4 11 333 444 555 
1 2 3 4 11 333 555 
1 2 3 4 11 444 
1 2 3 4 11 444 555 
1 2 3 4 11 555 
1 2 3 4 18 
1 2 3 4 18 333 
1 2 3 4 18 333 444 
1 2 3 4 18 333 444 555 
1 2 3 4 18 333 555 
1 2 3 4 18 444 
1 2 3 4 18 444 555 
1 2 3 4 18 555 
1 2 3 4 333 
1 2 3 4 333 444 
1 2 3 4 333 444 555 
1 2 3 4 333 555 
1 2 3 4 444 
1 2 3 4 444 555 
1 2 3 4 555 
1 2 3 11 
1 2 3 11 18 
1 2 3 11 18 333 
1 2 3 11 18 333 444 
1 2 3 11 18 333 444 555 
1 2 3 11 18 333 555 
1 2 3 11 18 444 
1 2 3 11 18 444 555 
1 2 3 11 18 555 
1 2 3 11 333 
1 2 3 11 333 444 
1 2 3 11 333 444 555 
1 2 3 11 333 555 
1 2 3 11 444 
1 2 3 11 444 555 
1 2 3 11 555 
1 2 3 18 
1 2 3 18 333 
1 2 3 18 333 444 
1 2 3 18 333 444 555 
1 2 3 18 333 555 
1 2 3 18 444 
1 2 3 18 444 555 
1 2 3 18 555 
1 2 3 333 
1 2 3 333 444 
1 2 3 333 444 555 
1 2 3 333 555 
1 2 3 444 
1 2 3 444 555 
1 2 3 555 
1 2 4 
1 2 4 11 
1 2 4 11 18 
1 2 4 11 18 333 
1 2 4 11 18 333 444 
1 2 4 11 18 333 444 555 
1 2 4 11 18 333 555 
1 2 4 11 18 444 
1 2 4 11 18 444 555 
1 2 4 11 18 555 
1 2 4 11 333 
1 2 4 11 333 444 
1 2 4 11 333 444 555 
1 2 4 11 333 555 
1 2 4 11 444 
1 2 4 11 444 555 
1 2 4 11 555 
1 2 4 18 
1 2 4 18 333 
1 2 4 18 333 444 
1 2 4 18 333 444 555 
1 2 4 18 333 555 
1 2 4 18 444 
1 2 4 18 444 555 
1 2 4 18 555 
1 2 4 333 
1 2 4 333 444 
1 2 4 333 444 555 
1 2 4 333 555 
1 2 4 444 
1 2 4 444 555 
1 2 4 555 
1 2 11 
1 2 11 18 
1 2 11 18 333 
1 2 11 18 333 444 
1 2 11 18 333 444 555 
1 2 11 18 333 555 
1 2 11 18 444 
1 2 11 18 444 555 
1 2 11 18 555 
1 2 11 333 
1 2 11 333 444 
1 2 11 333 444 555 
1 2 11 333 555 
1 2 11 444 
1 2 11 444 555 
1 2 11 555 
1 2 18 
1 2 18 333 
1 2 18 333 444 
1 2 18 333 444 555 
1 2 18 333 555 
1 2 18 444 
1 2 18 444 555 
1 2 18 555 
1 2 333 
1 2 333 444 
1 2 333 444 555 
1 2 333 555 
1 2 444 
1 2 444 555 
1 2 555 
1 3 
1 3 4 
1 3 4 11 
1 3 4 11 18 
1 3 4 11 18 333 
1 3 4 11 18 333 444 
1 3 4 11 18 333 444 555 
1 3 4 11 18 333 555 
1 3 4 11 18 444 
1 3 4 11 18 444 555 
1 3 4 11 18 555 
1 3 4 11 333 
1 3 4 11 333 444 
1 3 4 11 333 444 555 
1 3 4 11 333 555 
1 3 4 11 444 
1 3 4 11 444 555 
1 3 4 11 555 
1 3 4 18 
1 3 4 18 333 
1 3 4 18 333 444 
1 3 4 18 333 444 555 
1 3 4 18 333 555 
1 3 4 18 444 
1 3 4 18 444 555 
1 3 4 18 555 
1 3 4 333 
1 3 4 333 444 
1 3 4 333 444 555 
1 3 4 333 555 
1 3 4 444 
1 3 4 444 555 
1 3 4 555 
1 3 11 
1 3 11 18 
1 3 11 18 333 
1 3 11 18 333 444 
1 3 11 18 333 444 555 
1 3 11 18 333 555 
1 3 11 18 444 
1 3 11 18 444 555 
1 3 11 18 555 
1 3 11 333 
1 3 11 333 444 
1 3 11 333 444 555 
1 3 11 333 555 
1 3 11 444 
1 3 11 444 555 
1 3 11 555 
1 3 18 
1 3 18 333 
1 3 18 333 444 
1 3 18 333 444 555 
1 3 18 333 555 
1 3 18 444 
1 3 18 444 555 
1 3 18 555 
1 3 333 
1 3 333 444 
1 3 333 444 555 
1 3 333 555 
1 3 444 
1 3 444 555 
1 3 555 
1 4 
1 4 11 
1 4 11 18 
1 4 11 18 333 
1 4 11 18 333 444 
1 4 11 18 333 444 555 
1 4 11 18 333 555 
1 4 11 18 444 
1 4 11 18 444 555 
1 4 11 18 555 
1 4 11 333 
1 4 11 333 444 
1 4 11 333 444 555 
1 4 11 333 555 
1 4 11 444 
1 4 11 444 555 
1 4 11 555 
1 4 18 
1 4 18 333 
1 4 18 333 444 
1 4 18 333 444 555 
1 4 18 333 555 
1 4 18 444 
1 4 18 444 555 
1 4 18 555 
1 4 333 
1 4 333 444 
1 4 333 444 555 
1 4 333 555 
1 4 444 
1 4 444 555 
1 4 555 
1 11 
1 11 18 
1 11 18 333 
1 11 18 333 444 
1 11 18 333 444 555 
1 11 18 333 555 
1 11 18 444 
1 11 18 444 555 
1 11 18 555 
1 11 333 
1 11 333 444 
1 11 333 444 555 
1 11 333 555 
1 11 444 
1 11 444 555 
1 11 555 
1 18 
1 18 333 
1 18 333 444 
1 18 333 444 555 
1 18 333 555 
1 18 444 
1 18 444 555 
1 18 555 
1 333 
1 333 444 
1 333 444 555 
1 333 555 
1 444 
1 444 555 
1 555 
2 
2 3 
2 3 4 
2 3 4 11 
2 3 4 11 18 
2 3 4 11 18 333 
2 3 4 11 18 333 444 
2 3 4 11 18 333 444 555 
2 3 4 11 18 333 555 
2 3 4 11 18 444 
2 3 4 11 18 444 555 
2 3 4 11 18 555 
2 3 4 11 333 
2 3 4 11 333 444 
2 3 4 11 333 444 555 
2 3 4 11 333 555 
2 3 4 11 444 
2 3 4 11 444 555 
2 3 4 11 555 
2 3 4 18 
2 3 4 18 333 
2 3 4 18 333 444 
2 3 4 18 333 444 555 
2 3 4 18 333 555 
2 3 4 18 444 
2 3 4 18 444 555 
2 3 4 18 555 
2 3 4 333 
2 3 4 333 444 
2 3 4 333 444 555 
2 3 4 333 555 
2 3 4 444 
2 3 4 444 555 
2 3 4 555 
2 3 11 
2 3 11 18 
2 3 11 18 333 
2 3 11 18 333 444 
2 3 11 18 333 444 555 
2 3 11 18 333 555 
2 3 11 18 444 
2 3 11 18 444 555 
2 3 11 18 555 
2 3 11 333 
2 3 11 333 444 
2 3 11 333 444 555 
2 3 11 333 555 
2 3 11 444 
2 3 11 444 555 
2 3 11 555 
2 3 18 
2 3 18 333 
2 3 18 333 444 
2 3 18 333 444 555 
2 3 18 333 555 
2 3 18 444 
2 3 18 444 555 
2 3 18 555 
2 3 333 
2 3 333 444 
2 3 333 444 555 
2 3 333 555 
2 3 444 
2 3 444 555 
2 3 555 
2 4 
2 4 11 
2 4 11 18 
2 4 11 18 333 
2 4 11 18 333 444 
2 4 11 18 333 444 555 
2 4 11 18 333 555 
2 4 11 18 444 
2 4 11 18 444 555 
2 4 11 18 555 
2 4 11 333 
2 4 11 333 444 
2 4 11 333 444 555 
2 4 11 333 555 
2 4 11 444 
2 4 11 444 555 
2 4 11 555 
2 4 18 
2 4 18 333 
2 4 18 333 444 
2 4 18 333 444 555 
2 4 18 333 555 
2 4 18 444 
2 4 18 444 555 
2 4 18 555 
2 4 333 
2 4 333 444 
2 4 333 444 555 
2 4 333 555 
2 4 444 
2 4 444 555 
2 4 555 
2 11 
2 11 18 
2 11 18 333 
2 11 18 333 444 
2 11 18 333 444 555 
2 11 18 333 555 
2 11 18 444 
2 11 18 444 555 
2 11 18 555 
2 11 333 
2 11 333 444 
2 11 333 444 555 
2 11 333 555 
2 11 444 
2 11 444 555 
2 11 555 
2 18 
2 18 333 
2 18 333 444 
2 18 333 444 555 
2 18 333 555 
2 18 444 
2 18 444 555 
2 18 555 
2 333 
2 333 444 
2 333 444 555 
2 333 555 
2 444 
2 444 555 
2 555 
3 
3 4 
3 4 11 
3 4 11 18 
3 4 11 18 333 
3 4 11 18 333 444 
3 4 11 18 333 444 555 
3 4 11 18 333 555 
3 4 11 18 444 
3 4 11 18 444 555 
3 4 11 18 555 
3 4 11 333 
3 4 11 333 444 
3 4 11 333 444 555 
3 4 11 333 555 
3 4 11 444 
3 4 11 444 555 
3 4 11 555 
3 4 18 
3 4 18 333 
3 4 18 333 444 
3 4 18 333 444 555 
3 4 18 333 555 
3 4 18 444 
3 4 18 444 555 
3 4 18 555 
3 4 333 
3 4 333 444 
3 4 333 444 555 
3 4 333 555 
3 4 444 
3 4 444 555 
3 4 555 
3 11 
3 11 18 
3 11 18 333 
3 11 18 333 444 
3 11 18 333 444 555 
3 11 18 333 555 
3 11 18 444 
3 11 18 444 555 
3 11 18 555 
3 11 333 
3 11 333 444 
3 11 333 444 555 
3 11 333 555 
3 11 444 
3 11 444 555 
3 11 555 
3 18 
3 18 333 
3 18 333 444 
3 18 333 444 555 
3 18 333 555 
3 18 444 
3 18 444 555 
3 18 555 
3 333 
3 333 444 
3 333 444 555 
3 333 555 
3 444 
3 444 555 
3 555 
4 
4 11 
4 11 18 
4 11 18 333 
4 11 18 333 444 
4 11 18 333 444 555 
4 11 18 333 555 
4 11 18 444 
4 11 18 444 555 
4 11 18 555 
4 11 333 
4 11 333 444 
4 11 333 444 555 
4 11 333 555 
4 11 444 
4 11 444 555 
4 11 555 
4 18 
4 18 333 
4 18 333 444 
4 18 333 444 555 
4 18 333 555 
4 18 444 
4 18 444 555 
4 18 555 
4 333 
4 333 444 
4 333 444 555 
4 333 555 
4 444 
4 444 555 
4 555 
11 
11 18 
11 18 333 
11 18 333 444 
11 18 333 444 555 
11 18 333 555 
11 18 444 
11 18 444 555 
11 18 555 
11 333 
11 333 444 
11 333 444 555 
11 333 555 
11 444 
11 444 555 
11 555 
18 
18 333 
18 333 444 
18 333 444 555 
18 333 555 
18 444 
18 444 555 
18 555 
333 
333 444 
333 444 555 
333 555 
444 
444 555 
555 
