7
1 1 1 2 9 9
3 0 6 2 7 7
8 4 1 3 6 6
7 7 1 3 2 3
1 7 1 2 2 2
1 5 1 3 1 6
1 1 1 1 1 1
1 1 1 1 1 1
1 1 1 1 1 1
1 1 1 1 1 1
1 1 1 1 1 1
1 1 1 1 1 1
1 1 1 2 9 9
3 0 6 2 7 7
8 4 1 3 6 6
7 7 1 3 2 3
1 7 1 2 2 2
1 5 1 3 1 6
1 0 0 0 0 0
0 1 0 0 0 0
0 0 1 0 0 0
0 0 0 1 0 0
0 0 0 0 1 0
0 0 0 0 0 1
0 1 1 1 1 1
0 0 1 1 1 1
1 1 0 1 1 1
1 1 1 1 1 1
1 1 1 1 1 1
1 1 1 1 1 1
1 1 1 1 1 1
11 1 1 1 1 1
1 1 1 1 1 1
1 1 1 1 1 1
1 1 1 1 1 11
1 1 1 1 1 1
1 1 1 1 1 1
1 1 1 1 1 1
1 1 1 1 1 11
1 1 1 1 1 1
1 1 2 3 4 2
1 2 3 4 5 6
