45
124
103
126
73
0
41
94
97
81
70
0
31
0
92
116
17
113
150
15
11
99
71
94
0
86
113
63
0
111
11
74
58
126
17
47
8
25
0
86
37
71
38
41
0
0
38
117
40
69
61
136
8
123
148
103
46
92
73
21
46
6
16
55
130
104
79
22
0
0
83
6
123
41
114
24
77
64
63
86
29
78
6
30
0
113
0
80
92
108
116
150
62
15
30
109
15
123
120
29
129
46
76
64
0
12
29
54
74
85
25
128
51
33
106
128
129
74
43
12
43
69
47
111
98
73
0
127
33
67
94
96
10
-5
141
63
73
77
90
63
15
77
99
75
41
95
133
15
0
32
27
122
0
0
112
121
45
43
70
115
48
96
26
127
96
94
0
51
45
149
95
70
11
82
108
109
32
66
53
11
37
67
101
13
13
17
104
9
80
27
126
91
108
119
91
95
0
93
77
123
0
78
93
13
0
0
94
63
52
85
61
39
86
93
13
0
128
48
23
41
25
45
0
100
58
127
16
16
33
79
42
34
6
123
96
83
54
83
110
71
61
67
31
81
85
103
17
102
89
109
0
0
0
88
43
81
54
49
81
65
12
71
135
76
28
59
96
36
75
0
0
10
28
12
56
78
97
97
114
30
84
25
-4
29
107
116
92
61
88
124
101
18
31
33
74
100
17
27
128
0
53
96
122
140
98
88
39
39
28
0
71
75
75
0
79
14
13
42
55
92
14
0
62
28
112
123
8
0
92
17
85
83
17
89
34
0
40
82
131
111
21
106
83
92
84
91
44
95
44
131
44
73
93
31
139
16
123
58
0
0
0
85
29
85
12
7
19
43
126
131
96
86
0
26
82
24
69
33
74
70
108
8
86
21
0
47
71
69
42
56
16
99
150
36
79
54
110
50
44
22
70
15
52
124
113
0
138
0
112
0
43
97
156
48
62
54
93
0
19
83
74
46
46
99
120
0
63
58
49
0
89
43
99
27
65
105
58
0
98
30
12
98
35
10
0
81
3
25
5
55
0
59
37
0
122
106
125
84
80
10
0
0
99
94
57
71
0
80
71
104
106
0
0
135
127
0
12
44
105
0
100
70
51
8
83
70
11
0
29
66
11
0
34
116
129
33
78
80
35
21
51
131
106
122
71
0
88
42
80
83
70
77
89
44
40
0
142
36
105
79
43
57
90
4
118
58
34
33
28
14
110
25
77
40
43
93
39
98
0
33
0
0
118
0
24
103
16
27
91
111
62
70
104
27
3
42
82
0
95
34
51
92
93
86
24
130
13
0
43
25
39
2
32
73
35
17
117
29
47
120
55
81
131
47
85
87
65
69
0
119
82
16
62
21
15
42
14
16
0
0
42
71
58
91
98
107
31
0
102
97
61
9
131
21
26
58
62
114
62
55
47
71
94
70
0
78
100
0
6
0
122
12
59
38
73
0
105
96
0
41
98
145
98
101
107
83
89
75
79
93
59
34
138
52
11
60
40
148
101
30
18
0
118
82
17
75
71
91
85
22
99
40
0
91
57
91
27
0
0
97
0
96
48
0
61
26
31
10
120
100
112
67
92
79
82
64
49
43
0
117
11
121
0
13
88
119
70
76
44
67
0
79
29
106
129
23
72
91
53
22
62
48
45
0
114
27
0
73
128
46
97
93
3
17
46
17
13
44
61
0
0
37
19
94
120
102
65
33
0
107
45
0
126
119
59
0
133
90
141
0
32
0
75
113
0
58
45
90
112
111
52
93
90
33
118
0
69
0
129
96
92
13
54
43
0
0
120
37
26
109
93
18
27
127
134
101
67
106
69
14
15
35
123
54
49
140
33
22
28
98
62
10
37
13
47
110
63
0
65
37
0
88
100
28
68
0
47
12
52
0
139
39
71
104
27
134
121
118
72
131
14
18
96
58
0
15
51
6
0
104
150
28
56
151
31
83
64
7
62
80
65
91
58
0
122
0
33
89
0
107
124
29
24
83
35
57
103
121
7
138
55
75
0
51
119
64
45
74
109
0
72
24
97
51
31
38
123
55
34
81
40
15
25
137
35
149
13
79
75
44
29
69
0
96
62
13
66
0
16
37
56
69
46
74
80
113
0
97
0
114
116
19
89
30
10
12
71
17
30
17
151
59
90
87
74
0
76
132
15
73
93
47
55
143
78
83
39
92
131
67
0
31
109
29
112
90
49
47
79
4
74
12
103
74
66
58
0
9
87
123
38
0
0
99
69
40
66
131
11
0
97
48
113
25
15
0
0
16
56
65
