100
13 61
12 5 793 2 13 492 2 8 362 4 1 59 13 2 540 11 12 211 9 4 429 4 6 862 4 11 135 10 13 22 10 6 167 11 6 11 12 2 373 4 2 784 6 1 315 3 2 526 1 5 956 4 12 170 7 11 305 3 11 327 2 5 846 12 1 124 3 1 545 10 11 43 2 3 808 13 3 788 4 8 651 10 1 932 8 5 368 8 6 226 13 7 539 4 3 467 10 9 317 6 10 756 4 7 865 11 9 619 13 9 31 5 2 481 10 3 927 1 6 497 13 4 683 1 4 503 5 10 368 2 6 340 1 8 245 6 2 488 11 10 193 1 3 914 8 3 743 6 5 936 13 12 437 3 4 395 11 5 235 7 13 928 11 1 404 8 11 606 5 1 917 7 2 324 6 7 183 10 4 772 6 3 590 11 3
14 49
12 13 542 7 6 507 8 7 348 10 9 828 14 6 746 9 13 422 2 5 605 2 3 878 8 9 736 3 1 522 13 3 258 1 10 62 5 2 379 11 2 973 10 6 930 12 5 660 10 12 981 6 13 959 14 8 668 13 10 926 11 3 340 13 5 376 3 5 107 2 1 887 5 9 172 8 6 336 3 9 587 1 12 713 7 12 255 3 10 811 5 4 705 7 2 150 5 1 920 8 13 81 11 9 292 5 11 850 14 10 222 10 5 42 9 8 298 3 11 590 4 12 819 5 13 155 2 9 850 10 3 142 12 11 993 12 4 567 10 13 326 12 1 202 1 3 784 7 12
4 1
1 4 333 1 2
9 19
4 9 529 6 4 788 9 3 990 2 5 363 3 6 892 1 9 996 8 3 157 1 5 460 9 4 460 3 9 27 6 8 902 9 1 699 2 9 2 4 7 500 8 6 535 3 4 127 4 3 49 2 3 335 7 2 238 9 6
9 5
8 4 795 3 4 829 2 4 340 7 6 232 9 1 360 1 1
11 33
2 5 425 10 11 677 8 10 626 6 9 614 1 4 100 11 9 994 2 4 578 10 7 647 4 5 80 3 7 857 6 7 355 10 9 479 9 8 189 7 11 641 6 10 888 8 3 770 9 7 260 1 9 205 10 8 518 4 1 873 3 10 637 1 8 757 5 2 459 8 11 74 3 6 681 3 4 270 8 2 839 8 9 173 3 8 390 8 7 57 1 7 574 11 5 21 7 3 98 8 10
7 3
2 4 404 6 4 218 6 2 862 3 7
12 19
9 1 176 4 12 759 10 5 499 11 9 560 7 6 563 10 9 711 6 3 291 7 2 768 10 3 805 11 3 982 11 2 486 10 12 74 3 10 179 6 7 775 9 4 710 9 7 17 3 12 137 4 2 943 2 9 925 3 8
7 12
4 7 858 6 2 571 7 4 685 3 2 604 5 7 250 4 2 485 6 1 949 5 4 226 6 3 596 2 6 560 5 2 518 4 5 532 6 5
6 5
3 5 427 1 5 283 5 6 347 1 2 714 2 1 47 1 3
12 46
11 4 898 7 9 278 8 3 262 4 6 848 8 9 272 7 4 821 6 10 747 10 11 701 8 2 933 12 4 728 3 2 720 1 7 698 4 1 898 12 1 171 10 12 506 7 5 224 2 4 0 11 6 53 6 11 338 6 7 67 12 8 787 12 9 122 7 8 590 11 7 131 10 3 181 9 6 982 6 4 415 5 10 404 11 5 551 10 5 134 9 4 999 7 2 483 5 11 977 1 3 21 5 7 211 2 11 285 4 7 476 5 1 525 1 8 525 12 6 928 7 10 310 8 5 225 12 11 437 6 1 722 4 11 657 10 4 126 8 6
6 8
1 4 398 1 5 393 4 1 976 2 5 931 6 4 99 4 5 952 2 6 735 1 3 184 1 4
5 1
4 5 528 4 4
13 22
1 5 774 11 7 325 1 2 127 10 12 693 10 1 159 9 2 354 10 3 972 4 13 852 2 8 482 13 8 154 9 8 506 9 10 790 10 2 172 11 3 828 7 3 987 2 7 341 1 9 665 4 9 517 5 4 112 12 3 638 8 11 489 5 10 875 7 11
8 9
5 3 956 5 1 649 7 2 314 7 8 39 2 8 152 6 2 790 2 6 631 2 1 735 5 8 877 2 2
8 9
4 2 468 5 1 933 8 7 171 7 6 140 6 2 990 4 3 100 3 4 364 3 1 659 8 2 844 7 6
6 4
6 4 343 1 5 981 4 1 11 6 5 192 1 6
8 11
3 7 207 7 1 183 2 8 472 6 7 125 6 1 418 6 2 726 3 5 393 6 5 305 7 6 559 3 1 562 1 8 280 7 2
10 5
7 4 789 1 9 723 9 8 493 2 1 220 6 1 613 9 2
10 11
8 10 671 1 4 95 10 5 88 5 7 569 3 10 710 4 1 433 4 8 279 5 10 499 2 10 464 3 1 86 6 10 915 2 7
6 5
4 6 722 6 4 742 5 1 124 2 4 63 5 6 712 6 2
4 1
4 3 819 4 4
7 11
3 4 487 1 7 610 4 1 704 3 2 816 1 6 522 5 6 579 4 2 700 4 7 787 2 7 386 2 6 36 4 5 92 1 6
5 1
5 4 437 5 4
12 2
12 10 709 6 9 608 10 2
5 2
2 1 569 5 2 676 2 3
10 15
4 3 91 10 8 566 9 3 50 7 5 333 4 7 499 1 5 568 6 2 342 4 9 590 10 3 513 2 9 257 5 2 346 6 1 421 3 7 634 9 6 356 3 6 472 10 7
11 19
1 6 825 9 11 339 4 1 596 9 5 294 1 3 519 4 5 292 3 6 279 4 11 635 10 3 107 10 6 570 5 6 584 6 4 800 1 5 496 2 11 735 11 1 606 3 5 251 4 8 530 7 1 986 10 1 547 5 1
11 27
9 5 528 4 7 819 2 11 123 11 6 639 9 7 680 4 8 18 10 5 98 8 7 505 1 8 66 6 3 472 2 7 966 10 6 547 4 5 86 1 6 877 11 3 197 2 4 35 7 11 498 6 11 334 2 6 784 11 8 115 9 2 14 9 11 349 9 1 634 3 9 765 10 3 626 9 6 629 1 3 366 9 11
13 1
1 13 300 11 4
9 24
5 2 397 6 9 544 2 6 826 1 8 794 9 6 908 9 8 303 9 1 432 4 5 810 2 8 596 9 3 696 2 7 465 5 4 361 4 1 187 4 8 981 3 5 879 8 4 293 7 4 135 3 8 163 1 7 500 4 6 290 7 2 633 5 8 494 1 5 854 6 5 475 4 9
6 2
2 6 465 3 2 813 6 2
7 9
2 1 769 7 4 391 5 7 623 3 7 793 2 6 620 7 3 371 5 1 764 3 5 800 2 3 335 1 1
12 15
10 8 690 9 12 629 6 8 422 9 4 255 4 7 25 5 2 260 5 9 957 5 4 983 9 10 826 6 2 127 7 9 169 3 12 798 9 8 221 5 8 616 8 12 382 8 5
8 8
7 1 895 7 5 968 1 2 173 8 7 673 2 8 929 5 7 280 5 2 855 4 7 366 8 7
11 2
1 9 638 4 11 958 9 4
14 48
14 7 780 8 10 603 9 11 0 3 7 12 9 12 759 11 2 894 10 9 636 3 9 626 3 4 937 4 1 421 3 14 863 5 7 4 14 1 356 3 8 569 3 2 446 13 11 605 1 12 165 12 5 926 1 5 699 2 3 562 4 7 348 2 4 807 10 2 569 13 9 139 6 11 280 14 2 743 11 5 21 3 11 140 7 14 325 6 14 694 5 11 554 3 5 492 9 8 308 3 13 802 10 5 522 4 14 157 4 11 492 1 11 986 7 11 49 11 14 654 1 4 88 9 14 797 7 4 694 12 9 782 9 6 869 7 5 242 13 1 23 14 4 111 1 6
10 5
3 6 147 7 10 781 10 9 17 7 6 901 2 5 978 8 6
11 9
2 5 833 4 11 906 6 3 316 2 11 570 4 5 486 1 9 277 7 9 435 2 8 946 11 4 212 3 5
5 2
1 5 950 2 3 208 2 1
5 2
1 3 161 2 5 169 4 1
11 16
2 11 900 6 8 996 6 5 114 9 5 416 2 4 625 2 5 502 11 5 949 9 7 235 10 6 799 3 11 502 9 1 799 3 4 13 10 9 766 9 4 194 5 11 71 8 10 835 8 10
11 30
8 6 264 6 10 944 4 6 711 11 7 257 5 1 34 2 3 595 2 4 632 9 11 467 5 8 601 11 3 963 10 9 796 7 5 554 3 4 659 10 6 801 8 7 718 1 6 335 5 2 443 2 6 353 9 4 513 9 3 699 2 10 481 11 10 889 6 7 682 2 11 295 7 4 187 8 9 251 1 8 564 2 9 193 11 5 366 4 9 795 4 10
5 2
1 4 648 1 2 366 4 3
4 1
4 2 555 4 2
14 43
10 3 435 8 3 275 4 7 200 4 2 842 5 14 560 14 7 664 2 3 955 10 4 542 9 11 496 2 7 258 3 7 297 10 9 924 13 1 125 2 14 319 4 12 880 1 4 896 2 5 203 9 6 746 3 13 645 7 3 508 9 14 513 1 3 421 14 2 658 13 3 729 8 11 53 10 13 175 13 7 904 5 7 626 3 11 485 2 11 751 4 10 833 13 9 392 10 5 271 7 13 381 5 8 388 3 5 951 8 5 259 14 8 514 8 1 972 6 14 129 9 13 57 3 10 126 12 14 848 1 3
13 20
8 1 589 10 7 246 2 11 893 5 8 950 12 6 428 8 7 56 13 4 241 13 7 458 5 7 658 12 5 281 6 1 118 6 10 763 11 13 318 9 4 970 12 7 186 13 11 779 1 4 589 5 11 247 5 4 880 12 4 999 1 4
9 8
3 8 42 4 1 761 2 6 441 1 4 286 9 3 617 5 3 58 2 1 53 5 4 617 3 6
10 10
2 7 564 6 9 23 2 3 242 10 6 825 5 7 463 1 7 485 2 10 174 9 2 970 3 10 848 9 7 838 1 3
4 1
1 2 135 1 1
11 26
8 1 435 5 11 962 2 3 702 4 2 440 4 10 171 7 10 289 2 7 539 7 5 272 1 4 868 6 3 818 3 1 253 5 9 215 6 9 269 10 8 709 11 6 232 4 5 522 2 9 29 7 4 424 11 10 618 11 9 872 4 6 439 8 4 709 4 9 770 3 4 355 6 8 229 8 5 642 11 6
6 5
1 3 369 5 2 987 4 6 726 6 1 271 3 5 186 1 3
12 12
7 8 226 10 4 404 8 12 358 5 4 676 7 11 239 4 9 242 5 1 306 1 3 493 2 3 386 9 6 387 7 2 458 1 6 146 1 9
14 67
1 7 739 9 14 315 11 8 160 12 10 546 3 12 55 10 2 842 7 14 300 7 5 446 12 2 621 14 10 221 3 4 775 2 3 462 7 6 893 14 8 728 3 2 766 5 4 466 2 8 186 6 12 335 7 12 702 3 7 523 9 13 394 14 13 163 6 9 339 7 13 549 10 9 442 1 10 904 10 5 302 11 4 256 2 5 748 6 11 54 2 7 809 14 1 680 12 14 346 12 7 250 10 8 440 13 5 111 8 11 277 12 6 74 9 5 754 1 9 139 5 7 225 6 5 154 1 12 946 3 9 623 13 12 149 3 6 825 7 9 151 13 2 382 3 8 959 9 7 337 10 3 636 10 4 451 4 14 70 7 2 764 4 8 564 7 8 466 14 5 633 13 8 275 2 1 400 8 2 573 10 6 159 5 3 960 14 12 492 13 1 477 12 3 271 10 1 687 3 14 613 5 12
9 16
6 1 66 3 6 458 5 3 484 1 2 329 9 5 158 1 5 782 7 1 661 9 3 247 1 9 962 2 1 571 6 9 638 8 2 17 3 4 140 9 4 327 3 9 610 2 5 392 3 8
13 57
12 9 654 9 4 591 10 3 660 5 4 488 13 7 422 12 4 544 5 2 996 11 4 606 1 12 2 8 7 850 3 11 205 8 9 911 11 3 439 3 7 465 4 2 120 9 6 622 12 6 57 4 13 295 8 4 540 9 13 375 7 12 223 9 2 558 12 1 316 1 3 970 10 2 40 2 6 780 7 8 171 6 1 19 1 10 512 5 12 969 13 1 528 9 3 554 2 13 256 11 1 296 12 8 429 7 3 600 12 10 715 11 10 628 8 10 317 10 7 257 12 2 707 1 5 836 10 4 118 8 2 173 13 12 74 9 7 304 4 10 839 13 8 508 9 1 765 7 4 472 9 8 661 7 11 131 4 1 656 1 13 370 11 6 26 4 5 975 3 1 991 10 3
13 4
5 13 735 1 12 866 4 1 874 2 10 943 4 3
12 17
2 3 780 10 1 107 9 11 591 9 6 193 10 7 267 3 1 354 8 5 572 4 2 446 12 11 742 11 6 589 11 12 814 8 12 921 9 10 865 5 7 58 2 5 325 4 9 679 4 1 251 2 7
8 19
8 1 916 5 3 166 4 1 385 7 2 1 4 3 977 2 5 418 2 3 845 1 2 425 6 5 653 2 8 39 5 8 777 3 7 755 5 1 151 2 1 415 6 4 146 3 1 694 8 3 975 5 6 938 8 6 69 1 6
7 13
3 1 999 6 7 766 7 4 958 4 3 249 6 2 247 4 6 661 1 3 18 7 6 440 2 1 296 2 5 905 6 3 196 3 4 875 3 5 772 4 5
11 1
8 11 901 11 7
10 4
7 9 662 7 5 332 4 1 435 1 8 392 1 9
7 13
7 2 983 4 6 501 1 3 387 3 7 62 3 4 902 5 3 326 7 5 950 6 7 969 5 6 512 4 5 349 2 7 736 2 4 151 1 5 854 5 2
10 5
1 9 941 8 2 439 10 1 189 4 5 117 4 2 347 3 9
6 1
4 1 339 1 3
9 12
9 3 789 7 4 249 7 8 290 2 1 783 7 1 788 4 7 696 1 9 471 2 4 143 9 5 662 8 7 803 4 8 404 8 6 694 5 8
14 47
5 4 158 4 14 322 7 12 74 8 12 271 13 11 766 11 13 780 10 13 935 9 14 340 9 13 386 1 13 216 5 3 185 1 7 851 1 11 340 10 5 753 7 11 672 5 2 325 2 6 660 13 5 442 9 12 529 8 2 380 14 5 188 14 13 170 9 5 932 12 7 982 10 9 371 6 2 32 2 9 541 11 6 938 7 9 263 6 11 803 4 9 326 12 11 258 9 3 592 7 13 132 12 10 582 6 14 433 12 6 259 5 11 911 13 14 995 13 9 831 7 2 196 12 3 958 4 11 667 13 6 601 1 6 38 14 12 413 5 9 756 5 14
8 5
7 4 929 1 5 125 4 1 435 3 8 230 2 3 190 4 3
13 32
7 1 7 12 3 536 13 9 826 8 1 149 11 3 377 3 6 738 2 7 417 1 7 116 11 5 415 3 13 753 4 13 856 6 13 715 2 9 976 11 9 126 10 11 855 12 5 593 2 12 11 13 2 418 5 4 367 6 7 323 13 12 477 11 2 226 6 4 964 1 3 972 1 13 727 5 13 664 5 8 15 12 9 321 7 10 757 3 9 260 3 10 831 5 12 525 11 10
13 37
8 2 491 5 8 216 6 13 304 8 11 871 13 10 981 8 6 90 10 4 702 2 13 533 6 12 411 4 11 946 2 8 989 1 3 329 6 2 633 2 1 857 3 13 190 11 5 280 9 10 334 4 10 983 7 9 929 10 3 270 11 6 143 10 13 866 3 2 3 1 6 540 3 9 425 12 5 112 12 1 244 6 9 246 5 6 790 1 4 875 5 7 231 3 10 42 13 6 335 5 1 56 9 12 975 9 2 758 10 7 281 9 6
8 1
2 7 92 5 2
5 2
3 1 157 2 1 566 3 4
11 6
2 4 585 1 10 539 5 2 172 7 11 832 9 11 806 3 4 586 11 11
4 1
2 1 908 3 2
4 1
1 4 993 4 4
6 2
4 6 975 2 3 986 1 1
7 3
1 3 241 5 6 149 5 4 480 5 6
7 11
5 6 815 2 4 400 6 1 727 4 1 537 6 7 101 1 3 587 2 3 828 4 6 330 1 7 810 4 5 559 2 7 764 6 6
5 2
3 4 964 3 1 837 4 4
9 13
8 1 189 5 9 519 1 2 682 9 2 366 1 8 669 3 8 724 3 6 507 2 4 469 5 2 989 4 1 207 2 6 85 8 6 451 6 4 121 3 6
11 34
9 5 295 5 9 106 3 7 649 11 4 700 9 8 814 3 5 642 7 5 262 3 11 300 7 8 497 5 7 554 9 3 789 6 7 681 11 10 591 3 4 707 8 5 254 2 1 914 4 7 508 6 10 975 11 9 614 6 5 914 5 2 387 2 11 978 2 3 37 10 5 644 9 6 558 1 7 837 10 1 546 8 9 159 9 10 129 1 3 509 4 2 820 3 1 183 10 4 827 7 4 813 8 2
7 3
3 4 909 5 4 442 3 1 593 7 2
7 7
1 2 581 5 1 115 1 6 799 7 4 612 4 7 190 6 1 533 7 3 95 4 3
13 47
2 12 999 10 4 871 1 10 315 13 8 455 4 13 938 8 3 683 7 9 869 6 9 649 10 3 222 13 6 393 9 7 145 6 5 364 6 4 752 5 11 560 11 3 966 13 7 168 4 10 978 3 4 371 11 13 868 4 8 282 9 12 34 3 11 594 13 10 797 8 10 330 8 7 85 3 1 489 6 12 820 9 2 191 8 1 412 13 5 996 10 2 667 5 12 567 1 11 9 12 4 619 7 8 223 7 3 606 5 3 758 9 1 541 9 13 818 2 7 728 12 9 145 4 7 624 12 7 496 1 9 478 6 3 775 8 11 503 11 12 529 5 6
14 54
11 2 394 9 11 518 10 4 218 14 1 523 4 2 939 4 13 609 2 6 294 10 11 111 8 12 153 5 6 42 13 6 789 5 14 307 1 2 843 1 8 916 14 5 467 3 1 428 5 4 723 12 3 972 10 14 914 13 1 210 8 1 182 7 13 813 7 12 857 14 2 320 1 11 295 7 9 886 6 9 449 7 8 884 8 11 937 6 3 185 4 14 590 11 14 91 10 7 701 7 4 673 12 10 559 3 13 760 10 13 757 6 4 655 3 8 812 3 10 791 14 3 669 9 10 868 6 7 79 8 7 389 8 3 218 11 8 419 1 13 96 3 4 260 2 4 806 9 1 110 12 14 114 5 2 792 10 1 118 13 11 143 5 13
5 4
3 1 236 5 2 427 2 5 687 4 5 166 4 3
11 4
8 1 278 5 4 155 4 9 111 9 1 513 8 9
12 18
11 2 499 2 6 455 7 4 526 9 10 389 10 9 337 4 10 616 9 2 123 3 6 586 8 1 451 4 8 888 2 1 739 7 3 12 2 10 909 3 11 746 4 5 701 1 3 646 12 9 675 6 8 103 11 1
8 15
7 4 872 2 6 246 5 3 763 6 8 145 4 2 196 4 7 189 4 5 835 7 1 510 4 6 467 3 4 683 1 7 907 2 7 509 5 4 764 6 7 469 3 5 799 1 6
9 23
9 4 735 6 8 958 8 3 631 8 7 121 7 6 623 3 9 506 1 8 584 7 9 669 1 9 726 4 8 574 3 5 387 8 4 332 7 1 264 9 6 149 8 5 294 5 4 315 4 7 193 7 5 768 2 6 364 4 5 884 3 2 878 6 4 394 1 2 827 5 5
7 13
4 2 959 2 3 328 2 5 885 1 3 185 5 2 817 6 3 630 6 2 275 7 3 22 6 4 226 7 4 267 2 7 583 5 1 213 2 6 351 3 4
5 1
3 2 777 3 2
14 73
4 7 317 8 9 543 5 10 811 5 11 389 11 14 296 2 5 441 6 13 770 1 5 917 9 5 46 12 6 450 1 8 229 13 1 857 12 5 888 9 7 992 10 11 405 1 4 80 11 13 423 13 2 49 2 8 102 7 14 571 12 13 357 1 14 186 8 6 530 4 6 562 14 6 198 2 10 790 14 1 666 13 11 597 6 5 710 3 10 285 2 13 411 5 14 812 7 12 701 10 8 644 13 4 559 9 6 864 7 8 532 13 7 515 12 8 837 5 1 652 6 7 967 4 11 486 6 1 445 7 4 706 8 7 677 14 5 286 12 1 977 2 3 247 12 4 570 9 4 398 10 14 884 13 14 681 3 1 740 11 5 417 8 10 55 13 9 9 11 1 498 13 6 288 14 3 927 7 9 636 7 2 203 7 6 628 13 10 567 4 5 622 2 12 983 10 12 482 3 2 484 9 14 272 10 7 296 10 13 354 10 4 151 6 14 70 9 2 693 11 9
13 44
8 2 815 9 2 909 5 12 643 2 5 448 3 2 741 12 10 662 2 1 941 1 11 980 2 10 182 8 4 383 5 8 198 13 11 460 6 3 206 1 4 224 10 9 891 12 7 264 10 4 371 9 1 886 5 10 181 10 3 764 6 12 239 4 10 752 9 10 131 4 8 877 3 7 932 12 5 856 10 12 504 11 1 232 9 13 411 2 12 650 7 4 529 1 13 43 7 12 418 9 6 364 5 2 669 2 4 901 12 3 234 12 4 846 12 8 605 4 7 468 5 6 462 1 7 501 4 2 469 7 1 207 4 4
7 11
1 6 151 4 1 997 1 2 573 1 7 178 3 2 838 2 6 917 5 3 743 4 3 925 2 7 320 7 5 823 3 6 820 4 1
4 1
1 3 927 2 2
4 1
3 1 68 1 4
8 16
1 8 168 3 1 8 6 5 899 6 4 364 7 8 768 8 4 828 7 1 710 7 5 326 4 6 234 3 4 516 5 4 877 4 5 840 3 8 224 3 7 959 3 5 118 6 2 872 6 1
9 21
4 8 580 6 5 495 4 9 393 5 1 60 9 8 908 5 4 466 1 2 702 4 2 172 8 6 44 2 7 528 5 9 127 7 5 53 5 8 819 8 4 568 7 1 144 4 3 363 3 5 592 2 6 220 3 9 821 8 9 529 9 1 741 8 6
10 19
5 1 272 9 5 645 2 4 542 4 7 483 6 8 777 4 6 261 6 10 884 4 2 687 7 4 110 8 1 310 7 8 307 10 3 202 5 10 37 10 5 694 9 8 652 2 3 611 6 5 484 1 9 429 9 2 620 9 5
