1
98 2073
89 38 915
30 60 386
73 58 421
59 48 690
68 70 926
67 23 172
73 4 368
6 38 782
97 83 123
30 6 929
1 95 58
60 80 393
85 10 42
58 68 421
64 91 537
91 59 315
65 88 526
92 93 956
24 47 170
23 32 305
28 33 327
81 48 846
40 88 857
13 4 582
32 67 367
33 15 43
57 36 808
83 29 788
5 8 651
9 30 932
19 13 368
78 93 226
21 89 539
26 57 434
1 44 601
22 77 317
57 35 756
82 73 286
56 78 689
77 86 440
32 60 117
18 40 481
62 16 927
96 95 497
34 51 965
93 72 219
69 85 871
89 68 503
40 25 368
95 4 340
38 89 723
47 62 846
6 26 555
54 23 764
15 56 350
64 7 34
3 75 914
74 65 743
22 60 365
46 57 432
68 50 228
52 69 121
57 94 29
12 72 793
81 83 143
46 89 529
49 21 443
24 42 538
1 3 904
3 15 688
70 20 917
77 71 743
63 30 490
42 95 725
21 77 505
94 79 786
40 83 542
49 62 507
92 63 348
94 65 828
14 90 746
93 69 422
44 33 605
44 30 730
71 50 320
39 45 626
95 40 708
83 45 258
15 38 62
3 87 36
5 2 379
81 95 71
32 94 881
65 40 894
95 66 199
6 13 959
56 8 668
41 52 926
11 45 340
13 33 376
17 89 107
54 41 179
85 36 412
51 31 659
48 97 210
9 58 206
12 70 372
96 66 819
28 76 904
66 88 940
88 60 228
86 15 984
29 55 224
3 8 396
38 11 84
41 19 672
11 84 385
87 38 640
73 65 713
59 87 524
33 32 581
96 19 732
56 47 4
52 6 273
79 43 255
59 83 579
53 94 205
18 38 504
48 66 754
55 26 944
7 15 506
19 12 842
1 23 189
37 75 958
37 11 808
46 25 303
30 78 648
53 95 567
15 45 529
41 55 788
12 62 990
14 80 363
88 36 892
13 72 152
95 64 188
24 12 436
35 95 921
51 49 28
6 63 748
27 59 794
30 70 43
46 83 428
74 73 681
80 41 159
83 10 692
50 80 504
46 32 964
50 88 343
89 73 971
74 98 367
21 83 795
50 13 829
31 53 340
48 46 826
13 8 42
93 14 23
80 16 309
69 78 996
60 24 234
63 97 524
86 19 168
22 69 312
3 55 346
3 59 916
41 27 529
85 75 647
77 56 80
74 80 857
84 95 886
25 16 512
63 3 479
41 78 189
31 80 641
73 38 987
19 35 566
27 21 856
92 53 260
84 28 205
12 68 518
60 48 873
9 12 637
84 52 607
31 82 314
42 12 100
14 31 438
12 57 74
40 6 681
26 45 270
48 56 839
22 18 622
11 80 847
2 65 682
27 51 791
88 48 521
88 61 491
78 28 231
88 24 740
9 49 98
56 52 516
81 29 231
2 39 404
41 95 218
34 23 862
63 66 977
60 55 904
87 34 207
82 78 744
82 86 127
83 43 560
41 80 563
16 81 711
26 77 291
56 12 614
92 75 993
77 90 882
25 79 717
55 18 574
63 2 486
22 84 74
87 80 179
82 95 775
71 76 710
56 75 235
86 60 153
78 2 328
58 32 710
75 94 836
32 46 90
71 41 904
52 70 633
4 38 73
79 82 805
67 39 503
48 27 195
8 6 120
46 19 763
94 49 981
62 81 36
96 9 518
74 61 532
89 20 321
77 1 172
57 18 72
39 63 63
44 11 30
62 45 59
67 30 924
49 60 232
20 29 486
11 49 159
43 49 683
30 71 723
47 97 122
11 32 821
76 12 747
22 95 269
51 88 703
12 34 907
98 9 806
84 73 84
61 71 698
56 3 898
10 5 171
56 70 506
47 1 109
24 95 378
30 40 81
95 29 989
51 38 147
36 12 231
42 10 850
44 19 254
45 30 813
78 33 181
78 44 720
30 33 181
70 56 296
98 19 722
37 58 297
5 25 181
43 66 57
39 12 999
42 11 154
74 38 587
73 89 21
61 70 860
19 4 685
37 86 930
51 8 314
31 35 820
97 72 528
64 30 490
75 27 618
22 2 928
1 30 310
10 91 225
88 11 437
24 3 722
94 9 657
26 40 126
54 92 651
22 57 528
72 87 888
45 64 577
55 65 199
55 74 87
26 20 657
55 43 17
72 38 368
95 19 195
65 28 266
53 49 528
79 22 278
78 22 672
33 76 0
72 32 283
49 14 382
90 68 334
36 41 421
44 92 957
13 77 541
61 31 850
39 27 399
60 33 173
92 15 851
79 71 263
92 47 37
18 22 828
58 33 987
51 73 341
65 85 665
32 48 517
78 42 351
15 3 506
83 50 364
26 31 154
71 78 679
10 95 538
41 11 844
15 74 814
56 17 326
59 44 39
2 98 152
58 42 790
10 54 631
94 83 735
73 70 877
26 24 198
36 20 155
52 89 156
89 46 823
5 60 358
8 61 245
29 21 954
78 5 42
53 74 919
34 53 469
69 28 976
76 18 133
66 19 956
26 78 666
88 94 912
15 16 902
97 98 2
9 78 718
19 86 377
92 21 573
70 45 125
16 76 496
92 14 948
36 83 29
98 81 160
29 45 719
17 64 902
35 13 726
41 5 723
19 32 493
18 77 220
42 57 613
56 33 270
40 78 829
76 79 743
22 58 24
41 79 386
54 75 969
47 18 30
2 90 587
26 9 649
14 6 339
49 61 330
75 56 349
46 33 881
56 11 133
82 51 287
44 60 519
11 9 244
91 64 259
6 89 353
95 58 705
1 8 799
37 82 315
62 84 853
78 43 837
85 42 610
46 71 704
10 74 829
30 67 892
20 25 605
34 86 361
95 11 447
35 46 882
20 16 551
70 93 353
49 79 794
71 81 107
15 90 664
94 21 480
37 95 354
74 30 933
13 80 312
42 16 709
88 89 608
60 14 422
10 48 569
36 30 676
51 76 340
2 52 172
38 4 527
67 87 812
79 69 124
76 84 186
66 75 794
27 36 141
1 2 437
84 37 590
96 43 513
22 45 257
71 38 346
80 7 225
28 39 226
13 1 725
43 79 645
79 83 339
80 62 661
18 59 216
32 81 344
97 9 267
23 88 757
80 25 650
63 41 279
63 36 635
98 57 107
82 34 570
19 95 584
36 56 800
23 92 496
75 2 763
98 45 873
35 69 523
54 88 751
85 52 704
60 7 302
70 44 591
16 18 484
34 10 919
24 32 528
84 9 819
98 63 187
24 82 438
13 43 320
21 39 486
81 47 463
27 44 10
44 38 142
53 43 425
92 49 797
59 12 272
23 63 912
6 70 900
48 62 932
42 70 951
44 49 49
43 98 906
81 28 325
79 35 797
76 82 115
27 42 14
86 64 100
16 25 329
12 28 879
83 69 914
82 68 765
63 13 626
87 49 629
76 83 409
51 60 395
84 43 776
30 45 300
1 25 629
66 53 508
50 23 775
33 47 540
51 15 518
94 19 499
71 3 908
78 63 303
63 61 432
93 46 810
87 46 596
70 67 696
51 19 465
42 6 37
56 72 602
74 49 88
32 25 941
50 29 628
12 67 162
57 7 996
58 15 811
81 32 487
55 27 290
61 68 633
74 25 494
82 54 854
52 22 738
36 44 873
58 16 168
64 74 683
34 6 535
22 91 107
39 16 740
14 94 587
52 49 793
16 90 620
91 38 371
91 95 534
8 13 567
82 97 67
87 64 433
29 42 132
26 80 523
73 49 147
10 2 335
42 64 339
3 12 936
76 73 52
57 86 983
23 80 826
64 76 127
1 33 169
49 40 798
51 96 221
23 54 616
42 94 382
53 86 35
28 90 608
39 49 895
93 27 968
33 46 173
96 46 254
90 94 481
48 2 396
23 79 280
49 22 855
78 31 366
83 14 281
42 13 171
24 11 899
49 87 71
52 36 0
53 15 942
63 79 807
16 27 117
9 31 90
51 97 614
74 64 865
1 50 620
70 54 400
47 7 4
70 15 356
28 77 368
8 2 128
72 71 374
95 80 10
82 32 989
26 61 926
57 61 699
86 87 562
4 35 348
2 60 807
24 44 569
55 51 139
83 25 585
39 75 542
79 14 707
20 39 550
78 52 788
87 39 140
7 42 325
76 98 694
17 23 191
88 33 320
63 17 142
11 55 422
37 36 308
51 11 708
27 89 545
19 77 87
98 84 735
25 17 548
11 87 530
95 76 51
33 95 589
93 7 872
85 43 557
47 93 337
18 1 5
51 47 282
90 73 15
34 39 353
10 35 754
63 67 710
89 17 158
71 58 641
88 6 569
71 53 790
45 54 147
95 56 781
86 47 17
49 80 901
54 89 978
36 10 566
15 98 161
97 70 536
80 15 999
58 85 260
12 85 567
5 81 8
46 24 966
17 28 693
70 81 719
70 19 96
39 87 117
78 85 950
19 45 851
6 67 690
46 98 676
29 86 795
8 22 931
90 47 320
72 63 688
46 87 974
34 67 69
75 71 52
97 90 682
78 51 277
70 96 790
22 80 960
19 88 447
86 35 628
26 8 528
90 10 876
94 97 990
33 73 759
3 71 384
72 50 238
65 75 539
57 96 775
37 16 926
49 57 428
53 39 579
75 30 944
85 80 711
20 68 257
25 71 34
75 98 595
77 64 632
32 76 467
23 15 601
3 19 963
71 42 14
47 28 958
33 63 669
52 32 927
32 4 313
8 57 260
40 76 892
28 54 712
50 24 313
9 42 628
35 14 856
88 84 481
52 25 889
83 34 736
43 83 704
1 90 733
33 20 364
86 34 724
11 39 738
52 4 834
21 64 945
36 9 366
39 60 456
50 98 826
93 42 860
1 97 155
90 85 695
65 72 946
45 38 863
33 89 408
11 65 161
72 2 555
74 94 144
57 2 291
73 94 447
46 21 200
32 86 842
5 42 560
42 91 664
86 45 955
52 18 542
9 53 496
58 49 258
59 45 846
10 38 294
43 2 885
84 18 71
82 79 324
74 29 367
75 88 530
48 23 786
3 41 645
7 17 508
51 65 805
44 43 730
82 42 207
53 27 878
28 64 758
98 94 7
13 26 210
77 73 308
7 31 902
39 38 106
41 44 804
96 88 501
68 27 448
75 42 150
41 22 556
36 31 328
61 84 983
89 60 423
22 33 861
15 75 807
14 84 911
3 37 744
84 31 137
65 7 760
83 47 141
3 38 882
88 54 833
53 45 444
17 44 589
92 5 246
77 62 893
15 89 950
45 68 428
7 88 56
54 85 241
47 15 458
3 82 658
3 13 281
24 83 118
69 76 763
73 10 318
36 24 970
38 24 111
6 31 12
57 40 55
66 42 979
20 44 89
26 2 995
65 79 211
50 49 711
93 78 326
1 15 632
52 9 761
71 14 441
36 26 210
85 47 894
6 22 483
9 47 337
24 68 213
78 19 998
11 67 641
51 67 35
17 74 131
17 47 709
2 38 824
27 78 71
49 83 906
16 48 989
39 71 656
43 50 970
95 82 848
19 39 838
93 5 942
41 82 488
34 96 596
13 59 598
51 44 435
98 31 962
27 85 702
32 15 440
48 65 171
60 83 289
98 77 539
11 73 850
67 8 986
7 74 192
49 27 657
8 80 463
60 8 925
66 40 709
68 43 595
63 58 500
97 57 446
90 23 29
67 89 424
41 51 744
49 17 872
30 34 439
92 46 848
75 69 528
69 88 859
47 42 31
57 33 988
86 1 568
76 3 303
32 51 107
50 36 726
84 83 271
85 71 526
11 3 376
98 46 78
95 48 226
30 28 404
84 96 358
63 62 676
69 5 239
60 89 242
45 69 306
17 79 493
74 5 386
75 31 509
24 15 626
7 41 649
59 3 181
87 21 720
5 89 14
71 7 739
23 51 735
16 67 257
19 96 507
21 73 483
20 52 37
58 59 348
28 19 368
33 7 149
2 12 159
28 38 221
45 60 775
86 31 462
63 49 97
44 70 61
16 91 858
86 92 186
20 54 335
21 82 702
58 45 96
74 59 874
6 51 260
55 84 506
80 48 234
80 63 352
40 38 818
52 3 913
33 77 944
74 17 101
5 75 327
11 27 939
21 66 445
56 15 680
91 33 32
33 26 203
15 12 560
17 62 252
94 78 440
76 9 48
19 14 148
52 78 554
96 54 363
47 17 326
79 50 878
61 21 225
28 97 827
89 9 380
68 89 290
77 87 300
46 17 990
79 27 619
34 59 693
54 7 448
12 41 587
57 3 929
18 31 183
93 21 337
66 45 636
17 48 669
88 34 157
70 17 658
30 51 483
36 57 986
33 14 368
35 86 430
64 37 37
47 4 571
31 83 617
4 86 638
91 22 147
62 38 157
92 44 992
83 2 978
17 15 347
8 5 26
28 68 492
69 71 477
12 3 271
31 60 879
29 52 586
84 70 363
33 19 609
81 3 66
98 74 27
85 81 771
59 64 835
26 89 203
49 2 215
57 87 503
52 17 542
68 57 155
77 89 631
32 28 958
87 27 187
14 13 199
43 27 72
96 8 196
23 57 494
9 94 53
79 46 652
91 68 614
82 9 538
97 47 483
12 59 34
10 41 107
8 49 655
30 7 149
36 75 83
11 33 55
3 2 21
40 10 911
6 71 439
52 60 336
66 59 726
9 32 91
13 23 690
23 49 57
9 90 295
41 77 540
96 86 375
62 52 223
34 69 558
93 54 316
53 48 970
40 49 972
67 63 780
17 82 171
8 68 763
40 56 561
81 39 254
88 28 83
59 25 587
14 43 450
61 69 129
65 63 929
1 31 55
68 3 887
89 10 718
62 5 737
33 85 835
42 86 422
58 64 707
20 88 836
84 8 118
40 47 908
5 11 976
63 84 956
5 98 839
67 25 897
26 82 130
9 57 529
66 96 418
18 92 377
25 56 944
72 65 370
38 37 26
78 95 72
38 83 484
18 2 249
56 92 74
14 19 735
66 7 866
59 86 874
16 8 943
36 42 847
72 40 322
25 96 204
56 35 298
2 9 289
33 37 354
98 97 572
89 84 538
17 21 705
80 93 250
34 73 867
20 30 616
88 86 624
15 44 520
76 25 679
32 23 251
45 8 697
30 10 791
51 53 732
1 37 995
73 72 814
58 44 579
45 78 337
59 23 857
90 55 845
41 86 425
47 60 949
56 63 653
64 48 39
52 30 91
11 29 22
12 9 360
70 31 569
18 41 415
58 28 192
78 57 370
89 21 23
55 68 414
12 89 5
41 48 421
19 78 429
26 62 296
71 21 81
3 18 502
36 74 224
14 81 847
4 92 451
1 35 498
9 60 568
27 93 349
33 88 669
59 65 751
18 82 605
53 14 830
79 64 429
61 83 443
54 1 426
62 60 994
89 71 662
77 61 332
38 27 435
55 64 392
63 77 222
98 42 4
62 26 878
17 26 304
35 41 651
79 94 347
7 19 743
67 61 958
49 68 950
69 98 969
47 13 512
45 21 847
81 82 349
23 98 736
79 88 151
64 68 854
93 75 220
3 97 270
36 58 439
90 77 189
4 51 117
78 40 347
61 11 455
69 6 92
88 29 946
83 59 519
41 14 789
87 17 249
46 44 290
78 73 783
84 5 788
80 70 696
46 60 471
53 30 924
53 19 87
86 57 565
81 97 334
57 9 296
77 31 829
62 89 617
97 60 665
1 21 137
53 50 61
8 69 500
49 81 66
27 40 38
84 49 334
41 13 430
27 79 982
17 38 492
77 94 814
53 75 241
5 84 864
29 53 630
75 46 72
16 68 221
20 35 620
33 39 992
93 12 529
64 44 380
78 96 720
3 56 474
87 84 80
77 51 752
53 96 176
25 66 398
44 56 370
76 44 32
44 93 541
50 58 616
6 91 996
37 94 305
53 38 157
23 71 195
95 25 520
45 5 523
65 49 538
97 80 348
31 20 27
90 12 23
28 61 328
80 55 485
58 27 32
86 55 675
60 56 443
95 68 960
76 30 370
62 49 397
54 60 420
37 77 101
19 33 938
32 59 323
42 65 228
96 76 8
72 91 679
3 88 346
57 21 947
42 83 337
27 38 751
58 74 507
27 48 409
63 80 135
52 23 591
28 74 723
3 47 197
32 6 774
85 18 465
68 59 949
2 86 956
49 1 801
74 27 397
63 50 126
41 33 855
28 18 475
60 23 601
46 95 418
15 55 367
70 42 323
20 42 477
93 24 226
27 15 964
76 13 972
65 38 727
14 22 664
25 81 15
33 82 321
13 52 495
49 24 201
34 43 520
97 92 990
57 45 183
69 95 43
8 18 532
29 13 497
65 30 63
4 97 399
56 22 751
35 87 131
33 8 987
26 94 70
2 8 468
9 76 191
26 39 992
66 24 458
77 88 291
76 48 797
44 59 799
5 93 353
10 81 428
58 63 845
52 20 50
46 28 319
37 9 80
56 74 409
86 9 394
48 40 603
17 83 793
52 44 425
32 53 112
72 66 332
10 19 315
8 65 244
82 57 514
52 14 9
89 2 875
27 5 231
13 21 771
12 73 304
60 20 515
33 41 847
96 60 514
93 43 953
97 94 281
76 40 308
20 22 974
77 24 475
7 45 230
66 20 745
55 60 592
52 21 458
13 2 216
47 6 172
78 45 832
97 23 806
55 12 586
35 67 409
63 54 245
19 15 189
92 39 564
42 50 455
88 55 979
68 56 811
22 34 969
33 45 556
23 68 317
57 8 235
12 54 72
26 47 450
17 41 18
10 82 11
41 28 440
11 95 93
78 72 988
50 6 974
56 82 583
59 40 341
80 51 696
76 33 888
98 49 80
61 14 136
28 55 303
6 21 55
39 98 782
7 49 672
74 6 773
11 20 361
10 56 189
62 33 519
63 87 682
15 49 241
49 32 357
12 38 657
25 32 305
12 39 269
78 87 665
88 98 207
51 33 78
69 21 760
84 25 354
34 12 711
46 5 369
70 37 26
37 31 295
50 44 106
93 23 649
62 66 700
9 19 814
10 43 642
24 28 262
66 18 60
55 67 497
47 55 554
32 22 578
80 1 579
98 66 279
8 40 94
71 83 88
51 66 703
72 83 763
65 3 975
87 47 614
43 29 914
45 43 387
95 22 238
58 62 684
85 2 773
37 67 828
10 8 591
31 10 918
19 56 532
96 2 429
42 44 816
49 19 58
8 36 95
92 37 220
84 60 48
50 67 991
80 32 909
29 98 685
86 12 777
50 48 872
97 40 92
39 1 140
88 67 131
25 55 392
29 51 423
28 24 95
7 71 222
49 39 999
54 42 871
8 81 315
46 38 455
73 15 819
56 49 704
84 1 128
14 78 223
91 30 157
20 95 725
58 70 166
1 18 956
37 27 183
74 3 480
1 51 533
49 66 403
5 64 404
83 31 978
14 58 371
10 36 868
80 66 584
53 6 319
43 81 771
34 68 89
85 55 258
8 82 604
27 24 382
13 67 800
70 74 431
7 51 276
73 27 558
34 94 945
79 39 891
33 98 109
7 3 16
73 95 982
4 54 228
54 93 626
81 41 780
76 68 576
70 34 496
44 66 505
13 11 124
88 92 347
90 98 305
61 72 63
86 5 936
80 23 503
90 54 529
79 48 354
2 15 224
80 60 218
28 15 523
54 46 903
41 50 191
76 31 549
53 76 997
54 14 590
34 17 296
90 86 872
14 48 618
29 44 843
43 22 916
84 75 467
37 61 315
68 96 545
45 33 305
14 49 510
85 89 415
72 78 700
75 92 94
21 35 32
42 21 11
72 8 894
98 44 320
57 67 295
68 31 666
37 35 177
91 50 884
3 42 124
98 18 487
27 25 381
80 24 53
38 91 701
7 60 673
96 52 559
87 31 8
35 80 244
96 62 533
4 20 718
6 73 67
33 1 399
45 80 791
56 73 669
65 80 868
6 77 79
36 21 389
46 55 673
17 53 112
92 12 120
13 71 508
4 59 839
79 15 110
54 56 114
89 58 792
23 67 381
43 53 330
41 61 255
35 28 727
3 54 236
60 15 427
35 73 687
49 89 276
6 72 166
19 16 940
86 93 766
34 25 155
94 48 111
78 86 513
33 68 132
3 93 721
15 14 526
64 46 316
14 70 589
33 5 5
48 55 677
53 88 428
60 76 415
72 79 829
31 12 282
83 33 12
52 82 909
93 3 746
24 17 701
47 5 62
85 58 829
30 52 280
48 41 699
79 52 981
19 85 994
26 68 255
20 70 353
43 42 54
46 51 835
9 91 510
68 22 965
76 38 672
57 72 138
92 90 150
54 17 883
15 36 78
74 35 74
77 65 201
17 50 555
1 81 590
70 39 497
48 86 650
7 53 675
96 65 145
32 75 669
94 45 100
89 87 835
8 92 742
62 74 332
26 3 122
32 55 149
30 76 294
61 52 315
30 84 681
30 38 247
19 80 826
12 2 364
42 49 884
1 22 645
3 30 394
82 89 889
1 42 205
30 82 886
59 75 485
33 12 664
75 86 817
83 52 630
83 30 275
42 59 22
55 20 849
60 96 548
45 79 786
60 12 271
92 23 287
38 35 146
23 87 777
1 4 281
77 14 735
5 10 811
33 11 389
53 70 296
16 19 441
34 13 770
71 47 917
93 89 46
50 56 786
57 50 329
61 59 140
49 69 530
67 28 284
4 61 240
41 34 876
86 82 931
64 93 760
96 97 357
54 48 38
70 63 531
20 87 413
53 2 159
89 42 582
73 83 984
4 48 86
51 45 9
48 44 718
58 47 757
29 65 288
49 54 701
80 92 644
41 46 559
89 63 959
29 3 909
32 90 619
77 97 256
22 54 667
24 65 832
89 85 652
44 36 145
91 82 70
38 32 506
83 76 876
48 7 879
27 92 672
75 89 594
84 26 432
50 2 130
90 26 515
81 86 205
45 52 215
29 83 91
32 45 322
15 39 346
70 64 821
16 13 168
42 39 498
97 55 745
25 70 316
66 77 206
55 77 975
10 61 487
91 48 628
8 62 654
10 88 111
16 96 983
10 12 482
20 71 122
89 59 401
23 56 272
38 21 296
38 13 354
38 74 151
72 22 202
25 77 849
36 77 815
14 5 643
25 5 448
45 66 741
14 32 662
43 59 941
37 56 640
31 4 231
64 39 123
32 21 639
69 70 224
64 71 891
7 84 264
32 82 789
87 66 736
79 23 376
67 58 396
86 65 239
20 85 879
21 65 161
46 94 244
38 29 856
8 19 449
84 55 743
43 77 773
30 65 650
7 40 338
30 24 994
35 11 156
87 18 9
19 89 901
48 88 234
45 82 524
84 2 54
1 85 449
56 46 195
83 84 911
3 7 207
92 79 967
40 29 78
64 88 600
10 71 125
93 28 531
49 15 980
65 35 420
62 90 921
66 4 740
28 95 403
9 35 320
91 61 823
49 8 416
97 35 947
47 49 927
68 40 699
85 92 530
6 5 993
17 96 858
57 77 149
78 60 364
11 62 654
42 31 487
10 17 238
25 38 581
81 78 493
63 15 776
42 74 140
53 91 147
94 24 634
5 40 224
61 15 959
73 57 118
52 86 872
3 58 484
11 19 246
79 20 574
10 50 766
2 17 397
25 4 224
21 6 218
60 29 326
72 5 627
59 53 260
72 39 360
47 44 940
66 90 787
17 90 180
34 41 593
91 51 853
52 24 671
66 14 220
80 22 480
9 16 192
55 59 484
22 50 271
93 95 803
82 38 396
30 88 249
55 85 764
64 6 893
33 2 996
54 76 895
26 42 343
84 32 225
90 11 563
86 24 528
79 9 333
69 82 7
37 39 596
98 58 129
27 47 234
82 53 694
79 26 652
14 76 95
36 63 308
6 47 668
96 41 264
95 98 745
24 46 979
15 4 150
67 84 98
92 62 659
25 75 104
54 86 940
22 23 861
54 82 819
90 35 439
15 5 928
61 96 740
20 72 868
59 82 303
23 5 271
53 57 39
40 66 782
62 93 537
1 14 609
36 29 296
23 97 81
87 15 844
67 34 110
48 64 610
53 84 884
65 69 82
86 75 873
80 36 40
84 33 353
8 32 786
50 46 982
18 36 444
86 84 270
51 12 470
90 46 148
16 66 598
90 60 679
28 10 916
83 39 257
7 62 759
78 53 203
21 38 473
54 19 225
72 9 425
87 10 654
34 90 736
73 47 921
21 53 762
58 86 138
24 93 567
28 5 43
34 47 687
61 55 464
49 64 118
2 26 57
47 70 339
93 85 398
3 64 919
35 51 575
84 3 689
90 89 375
2 67 461
57 46 989
5 71 681
53 58 431
11 23 350
54 72 995
45 46 315
88 39 662
35 83 390
36 51 851
19 58 453
77 30 486
36 96 876
7 52 92
12 13 882
56 58 549
1 52 212
89 36 602
80 42 805
91 12 803
50 20 254
80 78 581
24 70 540
89 76 293
83 79 691
42 81 727
94 35 325
85 91 852
29 10 80
40 2 290
15 26 299
49 37 682
20 45 942
51 17 646
93 1 585
48 96 73
57 91 773
56 34 427
36 62 238
8 3 853
84 72 426
91 26 362
38 52 772
41 10 825
88 7 898
2 54 23
83 48 313
57 55 125
87 95 452
43 39 323
36 64 37
29 72 161
38 90 229
83 63 516
76 96 713
60 45 26
18 56 504
60 52 956
5 90 632
94 12 669
78 83 831
37 42 750
78 1 36
71 11 128
66 22 150
1 6 981
71 35 393
45 20 90
35 94 20
14 50 408
20 62 948
32 26 796
58 36 277
79 13 427
79 72 760
81 79 449
97 74 811
33 69 831
2 74 239
22 37 539
83 23 661
36 3 108
50 69 815
58 66 198
94 2 647
49 75 458
81 1 642
56 16 744
44 78 124
28 2 786
19 5 246
55 42 989
25 31 558
90 27 226
37 24 594
73 79 236
13 55 469
82 23 242
62 64 703
63 16 777
23 44 595
64 23 213
51 16 489
77 4 666
89 94 885
72 7 504
20 7 264
81 70 319
2 41 449
24 84 44
44 8 610
98 82 133
14 72 184
7 50 846
79 56 350
62 4 651
68 78 634
50 35 105
29 20 502
72 82 112
23 6 211
61 42 680
34 18 386
40 72 890
95 10 56
98 22 83
33 70 2
93 57 562
69 29 804
52 87 32
71 54 325
7 28 64
46 1 306
96 11 362
45 84 538
5 39 396
97 52 310
67 36 466
20 79 851
33 36 333
86 74 801
69 2 810
70 50 412
36 85 327
23 31 244
89 35 173
33 87 570
31 76 718
63 68 51
7 43 205
75 44 367
2 93 779
15 59 934
11 83 912
18 55 735
77 41 771
29 6 550
41 35 277
40 53 157
88 38 833
25 9 314
55 56 99
92 11 249
11 21 984
43 61 755
27 22 657
24 87 407
15 41 546
67 40 162
60 31 760
68 81 644
7 92 215
28 41 707
49 7 727
24 49 226
71 31 551
29 54 666
61 63 673
56 89 913
86 95 616
25 47 191
18 65 216
58 38 491
20 86 750
21 54 84
49 9 750
75 87 160
39 34 119
83 41 165
79 18 259
81 55 242
47 21 163
40 18 778
53 65 72
58 41 568
24 35 442
2 19 876
65 53 279
1 78 41
41 16 497
94 80 569
9 23 490
19 43 801
27 63 495
53 72 844
44 97 312
56 53 125
16 3 536
69 24 76
84 17 831
65 45 903
43 7 101
56 25 599
87 51 860
72 59 845
49 5 446
31 52 487
55 31 916
40 48 747
61 48 3
59 54 456
16 34 55
4 84 915
76 1 761
26 59 559
44 74 439
65 61 972
97 17 935
37 13 120
32 29 801
91 87 820
59 5 757
37 64 376
91 93 995
51 20 88
81 94 781
82 15 700
20 81 172
7 11 325
98 34 809
46 65 27
66 60 741
16 79 582
36 98 250
22 27 608
49 3 437
65 56 896
54 70 135
95 71 590
74 92 125
1 10 303
75 85 296
82 62 627
80 58 308
85 61 745
7 72 994
43 60
