1000
4363 7541
1783 1531
9803 9059
6199 3371
8863 9337
4583 1277
2179 1789
1061 8677
9587 4493
2281 2287
9733 3797
9619 3847
3229 7351
1777 3607
2129 6689
5471 2591
2083 8623
5569 8627
7523 4283
3469 8669
8191 9341
7937 7757
9419 5413
6211 1373
8941 4229
9397 1973
3673 5851
6043 7591
1733 3851
7499 9649
1153 3461
9461 1051
5749 8429
3539 9293
5233 3347
5081 6091
3413 7621
2857 5519
7459 9479
9619 3389
3359 7741
6971 3863
1237 2819
7487 6733
5347 8329
1019 2837
6131 3121
8597 3037
5519 6271
6073 1031
1523 3083
8123 4721
5309 9377
6011 7001
9851 4591
5351 3709
8963 7529
6491 1361
6619 1583
8009 4723
7529 8369
2777 6763
1663 2791
3301 5413
8539 6761
8887 2153
9791 6977
7949 5563
9281 2903
3709 2221
6089 5387
9743 7723
6563 6961
6701 6037
1093 5821
1481 2879
1187 4591
1973 5953
6473 3877
6571 7541
2801 6607
9769 7487
5011 6473
7517 9901
7933 5101
4987 9931
8753 1321
5519 9547
7687 5843
7433 9697
3361 6871
3467 7333
2383 2347
4073 4621
8597 1801
4133 3691
2423 3767
5879 1171
8521 2617
6397 6781
9001 7321
3001 1013
6359 2357
7411 2129
4447 5011
1733 7001
9349 3539
7393 9281
4721 5521
3931 6781
2297 7577
5783 1283
7237 9293
5903 3917
6959 5807
7537 7487
3137 3947
7213 8951
9803 3631
9677 5683
6947 9629
3529 3037
2777 3251
2879 8737
8377 7039
9431 4261
8893 8713
5857 8111
1009 6211
9739 6367
3457 9883
7649 1291
6791 1409
9769 5843
9497 2137
1847 5881
4787 2287
7699 2659
4201 2879
7759 6211
5441 1627
2087 3947
2393 1151
3389 6329
8719 1973
4079 9187
7247 6301
4951 7121
1459 6217
5119 4261
1187 1327
2633 2287
4999 4007
5639 8081
8389 9739
1019 3767
7043 4597
6599 3433
5441 4583
2851 2273
5987 5869
8819 5501
7523 8821
7229 7529
5851 3643
1907 5569
7727 2441
9377 7079
8231 6373
3203 8627
5147 1721
2659 5657
4547 6217
2447 2767
5443 2693
8627 1049
6011 1879
3343 5903
6947 8291
9161 9787
3607 1637
7369 8431
3851 2903
9661 6781
1429 4783
5869 1543
5501 4073
5197 9883
5987 9539
3529 5351
9239 1489
4337 1303
6389 9769
3559 9511
2971 3581
8513 1747
6763 4451
6257 1297
2719 3391
2837 2909
9173 4657
2027 2531
5323 6151
8117 7573
2447 2617
3407 1229
9733 5387
4201 5419
1747 2549
6131 9109
3361 8147
4177 5503
8147 7873
2917 4441
7297 9467
7027 8831
6577 9887
5333 4621
8641 3019
8951 2879
1063 1033
1367 1327
8951 3499
5879 1613
3221 8291
3853 6163
3947 4127
2017 5711
1789 2753
9157 2909
9767 1997
7039 6217
1847 3187
6661 7621
9311 5189
3371 3617
5939 4733
1327 1259
8521 6133
8059 6329
5147 3083
6421 5399
4903 1229
3347 6691
6133 4831
6151 3203
8999 3307
2543 9227
4447 5861
8737 4789
3217 2467
7703 1993
3191 8429
7789 6113
6131 1877
6043 7309
4093 1873
1567 6173
9833 3919
7919 9811
3557 7487
7451 6841
4019 2441
7829 3137
3271 4783
3673 2089
6079 7207
6427 7027
3701 8117
9733 3061
6301 8699
3559 1129
4919 4337
2333 3049
8443 5443
6367 1873
8093 3191
2273 1019
1223 4561
4481 5779
6869 6389
2801 6997
1559 3457
1759 8627
2729 7219
5591 7043
7321 7621
9157 5591
5981 1009
8719 6389
1979 3547
6329 9461
5113 6121
2447 5261
4261 8111
3119 6287
1877 7237
1237 7723
3767 8623
5657 1283
3023 1013
8747 1063
8647 6037
7727 2857
1151 3079
7549 7591
4651 8011
8741 2333
3769 7549
9787 7681
7933 3067
5413 5297
4253 1451
8117 6199
2531 7877
6089 1087
2711 8719
1289 4003
7691 3673
2287 7433
9323 3701
1289 4637
5483 2593
5297 2239
8893 6869
2207 8747
8737 6761
8887 9679
7877 9337
7933 2857
9769 9689
8647 1061
1459 7523
6469 4441
7643 4079
1601 7237
4421 4261
2113 2531
7069 4993
9769 4261
2777 6899
1559 8581
2467 2693
6271 9137
4987 6397
5273 7529
5437 4111
9311 2203
7949 3533
5309 1669
7151 1777
5099 7243
1867 3719
9433 5741
7243 4219
8513 2459
5849 2777
9787 6271
6599 4967
7727 9733
9059 2399
8053 7349
1999 9463
7933 4877
9281 9151
5351 6791
1663 4211
9719 9181
8999 4877
4621 1093
6883 4261
7541 2137
3701 8081
8363 2473
6079 7673
5881 4751
9137 1129
2927 2797
7207 8447
8761 9371
4813 9497
4337 3109
2459 1747
2693 7643
6247 2467
1619 2137
7237 3037
7019 1201
1847 7351
2113 7681
4003 4483
6469 8539
7577 8311
5021 5099
2879 3413
1453 6343
4091 6571
4951 1201
2477 1459
7129 2687
7507 5227
6599 5021
6763 6547
5531 5923
9547 1217
4001 8161
4099 5303
2243 2521
4073 2543
5641 3541
8933 2161
2083 1301
1471 5861
4889 1447
5689 5479
5693 5077
6841 3089
4903 5179
7583 6781
5107 6971
1297 7853
7577 3343
5981 9539
3457 5591
4759 8089
3889 6793
4793 5197
4663 8117
3583 6871
9829 9791
8537 5653
3389 7919
8297 3067
4523 1549
9929 6203
3733 6911
2549 1399
7411 8713
2473 8501
2377 8461
5227 6287
3823 6367
8273 7247
6221 1321
8293 5869
5503 3089
3169 3259
6473 9851
2713 5903
7669 5639
4513 9431
7187 9551
4019 9173
6359 3571
3541 6247
4133 6673
2693 1789
7549 7487
1187 4127
6469 1973
9227 2609
2767 4457
8971 8737
2083 7451
9697 1193
9001 2617
4423 2593
4271 9403
2081 6373
1237 6043
2837 5861
3001 2207
4931 6481
6883 4721
2239 9601
4261 2711
7013 3343
6221 8219
4517 6427
4241 6763
1279 4679
6449 1487
9781 4409
9839 4481
8963 1861
4649 2141
9049 3923
9257 6131
3163 8539
4909 5003
2687 6469
9467 5923
1609 8689
3637 9091
9769 2179
7321 9817
3167 8087
8069 4801
9613 6673
2153 8831
1523 8641
1873 4733
1201 2753
1637 3187
5669 2029
2417 1493
8563 4673
7589 8527
3499 1217
8681 6043
3877 5531
6883 1871
8521 4783
3929 2389
5347 1487
8753 8819
3943 9257
5387 4831
5441 8447
8093 4567
3037 9007
3011 7607
5167 2953
8839 9029
6803 9769
6037 5653
7643 4423
8123 5189
1399 7883
6121 3121
3019 1381
6653 6287
1579 4721
6569 1933
4507 3797
9511 3769
7057 6653
5923 9473
6529 9803
9791 7507
3677 9007
7643 9413
5087 9781
5717 9421
8017 4877
1543 9643
3919 3089
8719 5209
6829 9419
3631 1433
2243 8731
6073 6883
7541 4051
9521 4289
1663 2281
1951 1877
5011 1657
5717 9161
3821 6553
2207 8087
3517 6637
2753 4013
7649 4373
9437 1733
4363 4283
2971 5237
1223 5197
4793 1381
2969 8191
3037 8599
2503 1549
5407 9203
4877 3607
2917 1801
1907 3709
1217 5669
8171 2141
1031 9227
2539 3671
2897 4463
2207 1153
5189 5227
3449 9719
2803 9851
4703 9677
4091 2791
8681 6733
4049 9743
8293 5669
5653 9461
5209 2887
3079 3313
5039 2539
4139 1571
7027 4721
6607 4201
9403 7727
6421 7253
8941 3719
3209 2999
4507 4519
3539 6257
5009 6481
7177 4751
9887 9511
5591 3697
6379 8087
1783 7001
3539 9461
4801 2753
5077 4093
6007 3889
7673 1031
3533 9551
6469 5393
4261 1933
8219 1847
4903 8269
3181 4937
4441 5657
1511 1889
5801 9859
6011 7951
5881 1259
7583 4793
4127 2699
6619 9623
7867 3847
6569 8969
4217 6689
2389 2371
1847 8609
2659 9181
7883 8629
8053 3251
3433 3559
4933 2477
8093 1019
3121 2441
6007 2161
1789 6301
2143 7159
5347 1009
7069 7951
3989 7069
7523 2663
5387 2699
3391 2663
3313 7793
6823 4007
4973 7309
1277 3967
9403 3923
1283 2203
1459 9397
1447 4919
5147 1873
3821 7489
6221 3863
1777 3461
6679 7549
4789 6257
1307 3307
3251 3637
3323 1109
5503 7927
5393 2609
3457 9127
4229 7481
5443 5119
1091 7457
4903 7253
8951 6991
5821 2441
2423 2749
4159 8597
2011 6361
3067 1409
5737 1283
4969 3271
3691 9467
6221 5231
1777 2399
2267 2791
2767 2243
2267 9769
7253 4159
6211 3613
1151 3727
5189 1637
5387 4799
9791 3917
7841 8237
9203 3343
7537 6007
3169 9239
8209 8887
7057 1999
6521 6823
3727 1279
9613 2897
8167 6967
2251 6563
5857 4937
9377 6983
1549 8707
3533 9623
5651 1009
1657 8747
1307 4549
9551 6197
2207 2837
3673 5651
2423 7583
1213 2029
7211 4231
1721 2137
8669 9689
2753 3163
9349 1153
4651 5581
4099 1423
5741 3617
3623 9839
4243 3617
2579 6791
6211 2311
1039 6473
3907 3083
2837 9749
9337 3877
3343 9349
5843 9623
4129 1229
3779 4583
5939 1747
6653 3329
1223 9311
2683 7559
5479 6703
7507 9931
3631 4241
4271 4547
2371 3761
5077 2069
9479 7211
7039 4327
3617 6043
5501 8681
7039 1429
8831 5087
1873 4547
7691 2617
4271 2677
5861 5563
3851 8147
9439 6007
8803 5639
5077 5399
4261 3109
6053 7699
9199 2687
9791 1213
6043 2671
9769 3557
6257 3739
6133 3761
5197 1051
5939 4363
2243 2267
8111 2437
5419 5861
6089 5563
6637 3947
7177 5701
1579 1667
9157 9413
7681 1361
6427 7499
4007 9689
5101 2473
2221 5581
6491 9151
9839 7451
2129 2371
4289 1867
4297 4391
4813 6047
9343 3001
2393 6151
2753 3533
4643 5441
2557 5153
3583 1049
5557 1051
9091 2081
9221 3691
9059 4933
9677 9257
3793 2383
7639 7933
6961 9923
6269 9343
9463 1231
2161 1427
4111 1571
7937 6791
8053 9007
4673 9859
1511 9839
9697 4457
3541 9467
3863 3863
4127 1657
7607 9817
3943 2699
7879 2543
1553 3541
3449 8161
1877 9733
7103 7151
7829 9719
9403 3823
4817 6719
6829 6779
7297 2099
4597 6959
2357 9041
8761 4049
5503 6959
8353 8093
3877 1777
5237 4831
6857 6871
4721 1861
3739 8807
2593 2411
1699 2423
5471 4547
6977 4481
7333 1307
4649 2791
2089 4517
5381 1009
7591 8999
1327 4283
6323 7549
4969 1213
9781 8999
5903 2663
8839 8663
4817 1667
1171 3833
8563 8581
7393 7013
9767 1613
1823 4177
7753 6961
8161 9437
6397 7043
9463 9377
3559 6763
3407 4327
9013 4919
2111 8839
6827 1949
1583 2861
6829 5153
6991 1093
4663 7853
9067 6353
8389 8233
8009 2417
2273 8147
5741 3037
7681 8669
9241 4993
6337 9227
6229 6217
9161 5647
8069 1811
6053 1097
9613 4523
7669 7879
1571 2417
2237 6949
4111 4603
1483 2281
6619 3209
3671 2417
1429 6451
5641 9743
1307 2969
7673 5521
3821 7507
1979 9181
3539 2269
4129 8737
4423 9463
5237 1327
6229 6869
6271 6883
6977 5693
2663 9413
9137 3461
8231 4057
4099 6101
3821 1471
2957 7877
6653 1319
4349 7211
1237 7907
3299 9011
7933 9043
5861 9049
9721 7687
9391 2003
8287 5647
4447 4217
5323 2011
6269 3037
7193 9697
1031 3803
3797 8737
9973 9001
6733 6397
3119 8807
9623 2447
5639 4993
1063 2377
3797 9631
8707 3907
8971 6257
6151 5857
3929 3299
4337 9547
3643 5693
7129 4637
6857 2549
8387 9187
8123 7649
4481 3907
8039 6217
8287 7691
2473 6277
1171 2957
8837 1747
3533 4337
1699 8647
1031 6311
6203 3259
3209 4423
5717 8431
5783 1453
4877 6379
1033 7723
5741 1607
8951 3767
3517 4519
2347 9811
6143 9341
2179 9241
9397 1873
6089 2161
1013 4159
4943 4349
4051 1487
5927 4297
5021 5297
6421 7333
3433 6883
6791 2693
8779 1399
7243 2297
2087 8623
5569 2029
1609 8447
6287 7211
8377 4139
2053 7237
4447 7703
7207 2129
8291 5527
2269 4211
1361 6737
3323 6143
8209 6661
2273 5689
8689 3557
9127 5843
2089 5701
5303 5399
4583 8521
1451 1777
2707 8089
2293 8849
4133 3191
1361 7603
3803 5471
1019 1367
